   3.9779199e-04  -0.0000000e+00
   4.2783532e-04  -0.0000000e+00
   4.5760622e-04  -0.0000000e+00
   4.8693694e-04  -0.0000000e+00
   5.1565418e-04  -0.0000000e+00
   5.4357961e-04  -0.0000000e+00
   5.7053061e-04  -0.0000000e+00
   5.9632080e-04  -0.0000000e+00
   6.2076090e-04  -0.0000000e+00
   6.4365934e-04  -0.0000000e+00
   6.6482314e-04  -0.0000000e+00
   6.8405871e-04  -0.0000000e+00
   7.0117265e-04  -0.0000000e+00
   7.1597269e-04  -0.0000000e+00
   7.2826855e-04  -0.0000000e+00
   7.3787289e-04  -0.0000000e+00
   7.4460223e-04  -0.0000000e+00
   7.4827793e-04  -0.0000000e+00
   7.4872712e-04  -0.0000000e+00
   7.4578373e-04  -0.0000000e+00
   7.3928941e-04  -0.0000000e+00
   7.2909456e-04  -0.0000000e+00
   7.1505925e-04  -0.0000000e+00
   6.9705422e-04  -0.0000000e+00
   6.7496182e-04  -0.0000000e+00
   6.4867694e-04  -0.0000000e+00
   6.1810790e-04  -0.0000000e+00
   5.8317740e-04  -0.0000000e+00
   5.4382329e-04  -0.0000000e+00
   4.9999951e-04  -0.0000000e+00
   4.5167678e-04  -0.0000000e+00
   3.9884344e-04  -0.0000000e+00
   3.4150613e-04  -0.0000000e+00
   2.7969051e-04  -0.0000000e+00
   2.1344188e-04  -0.0000000e+00
   1.4282576e-04  -0.0000000e+00
   6.7928504e-05  -0.0000000e+00
   1.1142252e-05   1.8000000e+02
   9.4257090e-05   1.8000000e+02
   1.8126441e-04   1.8000000e+02
   2.7199008e-04   1.8000000e+02
   3.6623709e-04   1.8000000e+02
   4.6378533e-04   1.8000000e+02
   5.6439138e-04   1.8000000e+02
   6.6778838e-04   1.8000000e+02
   7.7368591e-04   1.8000000e+02
   8.8177002e-04   1.8000000e+02
   9.9170328e-04   1.8000000e+02
   1.1031249e-03   1.8000000e+02
   1.2156509e-03   1.8000000e+02
   1.3288746e-03   1.8000000e+02
   1.4423667e-03   1.8000000e+02
   1.5556760e-03   1.8000000e+02
   1.6683300e-03   1.8000000e+02
   1.7798353e-03   1.8000000e+02
   1.8896789e-03   1.8000000e+02
   1.9973288e-03   1.8000000e+02
   2.1022352e-03   1.8000000e+02
   2.2038314e-03   1.8000000e+02
   2.3015358e-03   1.8000000e+02
   2.3947527e-03   1.8000000e+02
   2.4828740e-03   1.8000000e+02
   2.5652813e-03   1.8000000e+02
   2.6413474e-03   1.8000000e+02
   2.7104382e-03   1.8000000e+02
   2.7719149e-03   1.8000000e+02
   2.8251360e-03   1.8000000e+02
   2.8694595e-03   1.8000000e+02
   2.9042452e-03   1.8000000e+02
   2.9288567e-03   1.8000000e+02
   2.9426636e-03   1.8000000e+02
   2.9450439e-03   1.8000000e+02
   2.9353860e-03   1.8000000e+02
   2.9130904e-03   1.8000000e+02
   2.8775719e-03   1.8000000e+02
   2.8282612e-03   1.8000000e+02
   2.7646063e-03   1.8000000e+02
   2.6860740e-03   1.8000000e+02
   2.5921511e-03   1.8000000e+02
   2.4823449e-03   1.8000000e+02
   2.3561844e-03   1.8000000e+02
   2.2132205e-03   1.8000000e+02
   2.0530266e-03   1.8000000e+02
   1.8751986e-03   1.8000000e+02
   1.6793549e-03   1.8000000e+02
   1.4651368e-03   1.8000000e+02
   1.2322081e-03   1.8000000e+02
   9.8025605e-04   1.8000000e+02
   7.0899088e-04   1.8000000e+02
   4.1814722e-04   1.8000000e+02
   1.0748506e-04   1.8000000e+02
   2.2320836e-04  -0.0000000e+00
   5.7411593e-04  -0.0000000e+00
   9.4538711e-04  -0.0000000e+00
   1.3371332e-03  -0.0000000e+00
   1.7494213e-03  -0.0000000e+00
   2.1822667e-03  -0.0000000e+00
   2.6356237e-03  -0.0000000e+00
   3.1093737e-03  -0.0000000e+00
   3.6033127e-03  -0.0000000e+00
   4.1171345e-03  -0.0000000e+00
   4.6504131e-03  -0.0000000e+00
   5.2025817e-03  -0.0000000e+00
   5.7729093e-03  -0.0000000e+00
   6.3604751e-03  -0.0000000e+00
   6.9641407e-03  -0.0000000e+00
   7.5825206e-03  -0.0000000e+00
   8.2139513e-03  -0.0000000e+00
   8.8564612e-03  -0.0000000e+00
   9.5077402e-03  -0.0000000e+00
   1.0165113e-02  -0.0000000e+00
   1.0825518e-02  -0.0000000e+00
   1.1485487e-02  -0.0000000e+00
   1.2141143e-02  -0.0000000e+00
   1.2788202e-02  -0.0000000e+00
   1.3421990e-02  -0.0000000e+00
   1.4037481e-02  -0.0000000e+00
   1.4629349e-02  -0.0000000e+00
   1.5192039e-02  -0.0000000e+00
   1.5719862e-02  -0.0000000e+00
   1.6207109e-02  -0.0000000e+00
   1.6648173e-02  -0.0000000e+00
   1.7037699e-02  -0.0000000e+00
   1.7370725e-02  -0.0000000e+00
   1.7642835e-02  -0.0000000e+00
   1.7850299e-02  -0.0000000e+00
   1.7990196e-02  -0.0000000e+00
   1.8060522e-02  -0.0000000e+00
   1.8060254e-02  -0.0000000e+00
   1.7989395e-02  -0.0000000e+00
   1.7848970e-02  -0.0000000e+00
   1.7640987e-02  -0.0000000e+00
   1.7368368e-02  -0.0000000e+00
   1.7034848e-02  -0.0000000e+00
   1.6644844e-02  -0.0000000e+00
   1.6203317e-02  -0.0000000e+00
   1.5715624e-02  -0.0000000e+00
   1.5187371e-02  -0.0000000e+00
   1.4624266e-02  -0.0000000e+00
   1.4031997e-02  -0.0000000e+00
   1.3416116e-02  -0.0000000e+00
   1.2781946e-02  -0.0000000e+00
   1.2134511e-02  -0.0000000e+00
   1.1478482e-02  -0.0000000e+00
   1.0818139e-02  -0.0000000e+00
   1.0157358e-02  -0.0000000e+00
   9.4996019e-03  -0.0000000e+00
   8.8479311e-03  -0.0000000e+00
   8.2050181e-03  -0.0000000e+00
   7.5731704e-03  -0.0000000e+00
   6.9543576e-03  -0.0000000e+00
   6.3502413e-03  -0.0000000e+00
   5.7622056e-03  -0.0000000e+00
   5.1913878e-03  -0.0000000e+00
   4.6387075e-03  -0.0000000e+00
   4.1048953e-03  -0.0000000e+00
   3.5905176e-03  -0.0000000e+00
   3.0960006e-03  -0.0000000e+00
   2.6216504e-03  -0.0000000e+00
   2.1676720e-03  -0.0000000e+00
   1.7341844e-03  -0.0000000e+00
   1.3212346e-03  -0.0000000e+00
   9.2880857e-04  -0.0000000e+00
   5.5684076e-04  -0.0000000e+00
   2.0522161e-04  -0.0000000e+00
   1.2619642e-04   1.8000000e+02
   4.3759411e-04   1.8000000e+02
   7.2918195e-04   1.8000000e+02
   1.0011976e-03   1.8000000e+02
   1.2539039e-03   1.8000000e+02
   1.4875879e-03   1.8000000e+02
   1.7025601e-03   1.8000000e+02
   1.8991538e-03   1.8000000e+02
   2.0777252e-03   1.8000000e+02
   2.2386530e-03   1.8000000e+02
   2.3823390e-03   1.8000000e+02
   2.5092072e-03   1.8000000e+02
   2.6197044e-03   1.8000000e+02
   2.7142992e-03   1.8000000e+02
   2.7934822e-03   1.8000000e+02
   2.8577646e-03   1.8000000e+02
   2.9076779e-03   1.8000000e+02
   2.9437724e-03   1.8000000e+02
   2.9666160e-03   1.8000000e+02
   2.9767926e-03   1.8000000e+02
   2.9749007e-03   1.8000000e+02
   2.9615510e-03   1.8000000e+02
   2.9373650e-03   1.8000000e+02
   2.9029726e-03   1.8000000e+02
   2.8590097e-03   1.8000000e+02
   2.8061166e-03   1.8000000e+02
   2.7449354e-03   1.8000000e+02
   2.6761077e-03   1.8000000e+02
   2.6002727e-03   1.8000000e+02
   2.5180648e-03   1.8000000e+02
   2.4301120e-03   1.8000000e+02
   2.3370333e-03   1.8000000e+02
   2.2394374e-03   1.8000000e+02
   2.1379208e-03   1.8000000e+02
   2.0330661e-03   1.8000000e+02
   1.9254407e-03   1.8000000e+02
   1.8155954e-03   1.8000000e+02
   1.7040631e-03   1.8000000e+02
   1.5913577e-03   1.8000000e+02
   1.4779735e-03   1.8000000e+02
   1.3643838e-03   1.8000000e+02
   1.2510407e-03   1.8000000e+02
   1.1383744e-03   1.8000000e+02
   1.0267923e-03   1.8000000e+02
   9.1667921e-04   1.8000000e+02
   8.0839664e-04   1.8000000e+02
   7.0228274e-04   1.8000000e+02
   5.9865212e-04   1.8000000e+02
   4.9779581e-04   1.8000000e+02
   3.9998129e-04   1.8000000e+02
   3.0545254e-04   1.8000000e+02
   2.1443020e-04   1.8000000e+02
   1.2711179e-04   1.8000000e+02
   4.3671932e-05   1.8000000e+02
   3.5737325e-05  -0.0000000e+00
   1.1098612e-04  -0.0000000e+00
   1.8196640e-04  -0.0000000e+00
   2.4859140e-04  -0.0000000e+00
   3.1079519e-04  -0.0000000e+00
   3.6853210e-04  -0.0000000e+00
   4.2177610e-04  -0.0000000e+00
   4.7052017e-04  -0.0000000e+00
   5.1477560e-04  -0.0000000e+00
   5.5457130e-04  -0.0000000e+00
   5.8995299e-04  -0.0000000e+00
   6.2098244e-04  -0.0000000e+00
   6.4773660e-04  -0.0000000e+00
   6.7030678e-04  -0.0000000e+00
   6.8879774e-04  -0.0000000e+00
   7.0332677e-04  -0.0000000e+00
   7.1402278e-04  -0.0000000e+00
   7.2102533e-04  -0.0000000e+00
   7.2448369e-04  -0.0000000e+00
   7.2455584e-04  -0.0000000e+00
   7.2140752e-04  -0.0000000e+00
   7.1521125e-04  -0.0000000e+00
   7.0614534e-04  -0.0000000e+00
   6.9439293e-04  -0.0000000e+00
   6.8014107e-04  -0.0000000e+00
   6.6357970e-04  -0.0000000e+00
   6.4490081e-04  -0.0000000e+00
   6.2429748e-04  -0.0000000e+00
   6.0196305e-04  -0.0000000e+00
   5.7809022e-04  -0.0000000e+00
   5.5287027e-04  -0.0000000e+00
   5.2649228e-04  -0.0000000e+00
   4.9914236e-04  -0.0000000e+00
   4.7100293e-04  -0.0000000e+00
   4.4225208e-04  -0.0000000e+00
   4.1306293e-04  -0.0000000e+00
   3.8360302e-04  -0.0000000e+00
