   6.3194402e-05  -0.0000000e+00
   8.7806175e-05  -0.0000000e+00
   1.1475671e-04  -0.0000000e+00
   1.4401859e-04  -0.0000000e+00
   1.7554271e-04  -0.0000000e+00
   2.0925750e-04  -0.0000000e+00
   2.4506817e-04  -0.0000000e+00
   2.8285624e-04  -0.0000000e+00
   3.2247914e-04  -0.0000000e+00
   3.6377008e-04  -0.0000000e+00
   4.0653797e-04  -0.0000000e+00
   4.5056773e-04  -0.0000000e+00
   4.9562058e-04  -0.0000000e+00
   5.4143472e-04  -0.0000000e+00
   5.8772612e-04  -0.0000000e+00
   6.3418956e-04  -0.0000000e+00
   6.8049986e-04  -0.0000000e+00
   7.2631334e-04  -0.0000000e+00
   7.7126947e-04  -0.0000000e+00
   8.1499278e-04  -0.0000000e+00
   8.5709489e-04  -0.0000000e+00
   8.9717679e-04  -0.0000000e+00
   9.3483128e-04  -0.0000000e+00
   9.6964561e-04  -0.0000000e+00
   1.0012042e-03  -0.0000000e+00
   1.0290917e-03  -0.0000000e+00
   1.0528957e-03  -0.0000000e+00
   1.0722105e-03  -0.0000000e+00
   1.0866397e-03  -0.0000000e+00
   1.0957998e-03  -0.0000000e+00
   1.0993239e-03  -0.0000000e+00
   1.0968645e-03  -0.0000000e+00
   1.0880972e-03  -0.0000000e+00
   1.0727244e-03  -0.0000000e+00
   1.0504778e-03  -0.0000000e+00
   1.0211227e-03  -0.0000000e+00
   9.8446036e-04  -0.0000000e+00
   9.4033136e-04  -0.0000000e+00
   8.8861856e-04  -0.0000000e+00
   8.2924974e-04  -0.0000000e+00
   7.6220017e-04  -0.0000000e+00
   6.8749494e-04  -0.0000000e+00
   6.0521104e-04  -0.0000000e+00
   5.1547921e-04  -0.0000000e+00
   4.1848548e-04  -0.0000000e+00
   3.1447248e-04  -0.0000000e+00
   2.0374035e-04  -0.0000000e+00
   8.6647419e-05  -0.0000000e+00
   3.6389520e-05   1.8000000e+02
   1.6489523e-04   1.8000000e+02
   2.9833646e-04   1.8000000e+02
   4.3612268e-04   1.8000000e+02
   5.7760722e-04   1.8000000e+02
   7.2208881e-04   1.8000000e+02
   8.6881346e-04   1.8000000e+02
   1.0169767e-03   1.8000000e+02
   1.1657264e-03   1.8000000e+02
   1.3141654e-03   1.8000000e+02
   1.4613556e-03   1.8000000e+02
   1.6063209e-03   1.8000000e+02
   1.7480523e-03   1.8000000e+02
   1.8855114e-03   1.8000000e+02
   2.0176360e-03   1.8000000e+02
   2.1433450e-03   1.8000000e+02
   2.2615435e-03   1.8000000e+02
   2.3711291e-03   1.8000000e+02
   2.4709974e-03   1.8000000e+02
   2.5600481e-03   1.8000000e+02
   2.6371917e-03   1.8000000e+02
   2.7013555e-03   1.8000000e+02
   2.7514904e-03   1.8000000e+02
   2.7865769e-03   1.8000000e+02
   2.8056325e-03   1.8000000e+02
   2.8077173e-03   1.8000000e+02
   2.7919405e-03   1.8000000e+02
   2.7574667e-03   1.8000000e+02
   2.7035219e-03   1.8000000e+02
   2.6293985e-03   1.8000000e+02
   2.5344614e-03   1.8000000e+02
   2.4181523e-03   1.8000000e+02
   2.2799947e-03   1.8000000e+02
   2.1195976e-03   1.8000000e+02
   1.9366598e-03   1.8000000e+02
   1.7309727e-03   1.8000000e+02
   1.5024235e-03   1.8000000e+02
   1.2509975e-03   1.8000000e+02
   9.7677999e-04   1.8000000e+02
   6.7995812e-04   1.8000000e+02
   3.6082212e-04   1.8000000e+02
   1.9766235e-05   1.8000000e+02
   3.4271061e-04  -0.0000000e+00
   7.2600437e-04  -0.0000000e+00
   1.1294057e-03  -0.0000000e+00
   1.5521001e-03  -0.0000000e+00
   1.9931677e-03  -0.0000000e+00
   2.4515841e-03  -0.0000000e+00
   2.9262204e-03  -0.0000000e+00
   3.4158445e-03  -0.0000000e+00
   3.9191210e-03  -0.0000000e+00
   4.4346131e-03  -0.0000000e+00
   4.9607838e-03  -0.0000000e+00
   5.4959972e-03  -0.0000000e+00
   6.0385213e-03  -0.0000000e+00
   6.5865302e-03  -0.0000000e+00
   7.1381079e-03  -0.0000000e+00
   7.6912524e-03  -0.0000000e+00
   8.2438807e-03  -0.0000000e+00
   8.7938354e-03  -0.0000000e+00
   9.3388919e-03  -0.0000000e+00
   9.8767672e-03  -0.0000000e+00
   1.0405130e-02  -0.0000000e+00
   1.0921614e-02  -0.0000000e+00
   1.1423827e-02  -0.0000000e+00
   1.1909372e-02  -0.0000000e+00
   1.2375857e-02  -0.0000000e+00
   1.2820920e-02  -0.0000000e+00
   1.3242240e-02  -0.0000000e+00
   1.3637564e-02  -0.0000000e+00
   1.4004725e-02  -0.0000000e+00
   1.4341663e-02  -0.0000000e+00
   1.4646448e-02  -0.0000000e+00
   1.4917300e-02  -0.0000000e+00
   1.5152610e-02  -0.0000000e+00
   1.5350960e-02  -0.0000000e+00
   1.5511136e-02  -0.0000000e+00
   1.5632152e-02  -0.0000000e+00
   1.5713252e-02  -0.0000000e+00
   1.5753931e-02  -0.0000000e+00
   1.5753931e-02  -0.0000000e+00
   1.5713252e-02  -0.0000000e+00
   1.5632152e-02  -0.0000000e+00
   1.5511136e-02  -0.0000000e+00
   1.5350960e-02  -0.0000000e+00
   1.5152610e-02  -0.0000000e+00
   1.4917300e-02  -0.0000000e+00
   1.4646448e-02  -0.0000000e+00
   1.4341663e-02  -0.0000000e+00
   1.4004725e-02  -0.0000000e+00
   1.3637564e-02  -0.0000000e+00
   1.3242240e-02  -0.0000000e+00
   1.2820920e-02  -0.0000000e+00
   1.2375857e-02  -0.0000000e+00
   1.1909372e-02  -0.0000000e+00
   1.1423827e-02  -0.0000000e+00
   1.0921614e-02  -0.0000000e+00
   1.0405130e-02  -0.0000000e+00
   9.8767672e-03  -0.0000000e+00
   9.3388919e-03  -0.0000000e+00
   8.7938354e-03  -0.0000000e+00
   8.2438807e-03  -0.0000000e+00
   7.6912524e-03  -0.0000000e+00
   7.1381079e-03  -0.0000000e+00
   6.5865302e-03  -0.0000000e+00
   6.0385213e-03  -0.0000000e+00
   5.4959972e-03  -0.0000000e+00
   4.9607838e-03  -0.0000000e+00
   4.4346131e-03  -0.0000000e+00
   3.9191210e-03  -0.0000000e+00
   3.4158445e-03  -0.0000000e+00
   2.9262204e-03  -0.0000000e+00
   2.4515841e-03  -0.0000000e+00
   1.9931677e-03  -0.0000000e+00
   1.5521001e-03  -0.0000000e+00
   1.1294057e-03  -0.0000000e+00
   7.2600437e-04  -0.0000000e+00
   3.4271061e-04  -0.0000000e+00
   1.9766235e-05   1.8000000e+02
   3.6082212e-04   1.8000000e+02
   6.7995812e-04   1.8000000e+02
   9.7677999e-04   1.8000000e+02
   1.2509975e-03   1.8000000e+02
   1.5024235e-03   1.8000000e+02
   1.7309727e-03   1.8000000e+02
   1.9366598e-03   1.8000000e+02
   2.1195976e-03   1.8000000e+02
   2.2799947e-03   1.8000000e+02
   2.4181523e-03   1.8000000e+02
   2.5344614e-03   1.8000000e+02
   2.6293985e-03   1.8000000e+02
   2.7035219e-03   1.8000000e+02
   2.7574667e-03   1.8000000e+02
   2.7919405e-03   1.8000000e+02
   2.8077173e-03   1.8000000e+02
   2.8056325e-03   1.8000000e+02
   2.7865769e-03   1.8000000e+02
   2.7514904e-03   1.8000000e+02
   2.7013555e-03   1.8000000e+02
   2.6371917e-03   1.8000000e+02
   2.5600481e-03   1.8000000e+02
   2.4709974e-03   1.8000000e+02
   2.3711291e-03   1.8000000e+02
   2.2615435e-03   1.8000000e+02
   2.1433450e-03   1.8000000e+02
   2.0176360e-03   1.8000000e+02
   1.8855114e-03   1.8000000e+02
   1.7480523e-03   1.8000000e+02
   1.6063209e-03   1.8000000e+02
   1.4613556e-03   1.8000000e+02
   1.3141654e-03   1.8000000e+02
   1.1657264e-03   1.8000000e+02
   1.0169767e-03   1.8000000e+02
   8.6881346e-04   1.8000000e+02
   7.2208881e-04   1.8000000e+02
   5.7760722e-04   1.8000000e+02
   4.3612268e-04   1.8000000e+02
   2.9833646e-04   1.8000000e+02
   1.6489523e-04   1.8000000e+02
   3.6389520e-05   1.8000000e+02
   8.6647419e-05  -0.0000000e+00
   2.0374035e-04  -0.0000000e+00
   3.1447248e-04  -0.0000000e+00
   4.1848548e-04  -0.0000000e+00
   5.1547921e-04  -0.0000000e+00
   6.0521104e-04  -0.0000000e+00
   6.8749494e-04  -0.0000000e+00
   7.6220017e-04  -0.0000000e+00
   8.2924974e-04  -0.0000000e+00
   8.8861856e-04  -0.0000000e+00
   9.4033136e-04  -0.0000000e+00
   9.8446036e-04  -0.0000000e+00
   1.0211227e-03  -0.0000000e+00
   1.0504778e-03  -0.0000000e+00
   1.0727244e-03  -0.0000000e+00
   1.0880972e-03  -0.0000000e+00
   1.0968645e-03  -0.0000000e+00
   1.0993239e-03  -0.0000000e+00
   1.0957998e-03  -0.0000000e+00
   1.0866397e-03  -0.0000000e+00
   1.0722105e-03  -0.0000000e+00
   1.0528957e-03  -0.0000000e+00
   1.0290917e-03  -0.0000000e+00
   1.0012042e-03  -0.0000000e+00
   9.6964561e-04  -0.0000000e+00
   9.3483128e-04  -0.0000000e+00
   8.9717679e-04  -0.0000000e+00
   8.5709489e-04  -0.0000000e+00
   8.1499278e-04  -0.0000000e+00
   7.7126947e-04  -0.0000000e+00
   7.2631334e-04  -0.0000000e+00
   6.8049986e-04  -0.0000000e+00
   6.3418956e-04  -0.0000000e+00
   5.8772612e-04  -0.0000000e+00
   5.4143472e-04  -0.0000000e+00
   4.9562058e-04  -0.0000000e+00
   4.5056773e-04  -0.0000000e+00
   4.0653797e-04  -0.0000000e+00
   3.6377008e-04  -0.0000000e+00
   3.2247914e-04  -0.0000000e+00
   2.8285624e-04  -0.0000000e+00
   2.4506817e-04  -0.0000000e+00
   2.0925750e-04  -0.0000000e+00
   1.7554271e-04  -0.0000000e+00
   1.4401859e-04  -0.0000000e+00
   1.1475671e-04  -0.0000000e+00
   8.7806175e-05  -0.0000000e+00
   6.3194402e-05  -0.0000000e+00
